%YAML:1.0
---
calibration_time: "Mon Nov 18 13:15:24 2019"
nframes: 13
image_width: 640
image_height: 480
board_width: 6
board_height: 9
flags: 0
camera_matrix: !!opencv-matrix
   rows: 3
   cols: 3
   dt: d
   data: [ 5.3646257838384861e+02, 0., 3.4236864002986050e+02, 0.,
       5.3641495077545881e+02, 2.3554895272909059e+02, 0., 0., 1. ]
distortion_coefficients: !!opencv-matrix
   rows: 5
   cols: 1
   dt: d
   data: [ -2.7864436822908756e-01, 6.7166445356972734e-02,
       1.8241594629329577e-03, -3.4338964006939651e-04, 0. ]
avg_reprojection_error: 4.0902643987995124e-01
per_view_reprojection_errors: !!opencv-matrix
   rows: 13
   cols: 1
   dt: f
   data: [ 1.92254990e-01, 1.22073579e+00, 1.69929594e-01,
       1.94889337e-01, 1.59582049e-01, 1.80782989e-01, 2.36004099e-01,
       2.42606193e-01, 3.02250147e-01, 1.67994782e-01, 2.05064490e-01,
       4.64376926e-01, 1.75894827e-01 ]
extrinsic_parameters: !!opencv-matrix
   rows: 13
   cols: 6
   dt: d
   data: [ -8.3908361995412670e-02, 3.4818246031696320e-01,
       -1.5424444036935414e+00, -2.9619169820834115e+00,
       5.7120244539711174e-01, 1.6835662183516138e+01,
       -2.2589431751477523e-01, 1.0155751692113029e+00,
       -2.7946709320690131e+00, 2.5341023961172588e+00,
       4.3195972961247326e+00, 1.3722669367026821e+01,
       -3.4684765538057194e-01, -6.7367689338771589e-02,
       -1.2009081883083310e+00, -3.4273338846479575e+00,
       4.8713300527205117e-01, 1.1565634799912047e+01,
       -2.7527900060924465e-01, 1.0119651968860967e-01,
       -1.5629620223555010e+00, -3.9938053626349923e+00,
       2.2767615618270778e+00, 1.2692607971492523e+01,
       -4.7360303397478104e-01, 8.9697865601772481e-02,
       -2.2605981233510591e-01, -2.5178410338115476e+00,
       -3.4308873891754366e+00, 1.2860703673644865e+01,
       6.5061781760946583e-02, 4.4707507342479763e-01,
       1.0801220789308581e-01, 2.2078892873160747e+00,
       -3.2148174214298564e+00, 1.5608033472490058e+01,
       -1.0127890550315602e-01, 3.2033020442062493e-01,
       3.1476327621928446e-01, -3.7257296849361978e+00,
       -4.3112975266825799e+00, 1.7209427017716379e+01,
       -3.5336308425675605e-01, 2.4075601618355483e-01,
       2.0970417392039645e-01, -1.5899096596856948e+00,
       -4.3179789176338632e+00, 1.4014346399633844e+01,
       4.8292108178540405e-01, -1.7026439156739007e-01,
       -1.4073979543243953e+00, -3.5027345358523654e+00,
       1.6156469456420384e+00, 1.1976781213693346e+01,
       5.2797229823424913e-02, -6.0174061938715495e-01,
       -1.8454257723758777e-01, -2.1683251503962531e+00,
       -3.5003835118152877e+00, 1.0741000095733897e+01,
       -3.7460737746261130e-01, 6.9855195080304855e-02,
       -1.9369647768065105e-02, -2.9583904309550690e+00,
       -3.9444338529055587e+00, 1.3218154490025956e+01,
       4.9547726000657077e-01, 1.1956920421755318e-01,
       -2.9675214021768026e-01, -3.4055350627670924e+00,
       -2.4107851398493465e+00, 1.2591498411191244e+01,
       1.9720828220479475e-01, -4.2010348966726418e-01,
       -1.9497463207519339e-01, -2.6763932312605427e+00,
       -3.1897408366212567e+00, 1.0586776557800029e+01 ]
