%YAML:1.0
---
calibration_time: "Mon Nov 18 16:05:23 2019"
nframes: 13
image_width: 640
image_height: 480
board_width: 6
board_height: 9
camera_matrix: !!opencv-matrix
   rows: 3
   cols: 3
   dt: d
   data: [ 5.4288107610978625e+02, 0., 3.5637021216438251e+02, 0.,
       5.4416265550890307e+02, 2.3424740289745156e+02, 0., 0., 1. ]
distortion_coefficients: !!opencv-matrix
   rows: 5
   cols: 1
   dt: d
   data: [ -2.6482928644507836e-01, -1.5976935350230922e-01,
       1.3792363970317302e-03, -6.5334652077633630e-04, 0. ]
avg_reprojection_error: 8.7636921996789308e-01
per_view_reprojection_errors: !!opencv-matrix
   rows: 13
   cols: 1
   dt: f
   data: [ 5.33469439e-01, 1.28409576e+00, 1.06140137e+00,
       4.36914325e-01, 5.59967875e-01, 2.28700900e+00, 6.18420959e-01,
       3.10135335e-01, 3.79966646e-01, 3.13695878e-01, 3.78954947e-01,
       4.82204974e-01, 3.03033471e-01 ]
extrinsic_parameters: !!opencv-matrix
   rows: 13
   cols: 6
   dt: d
   data: [ -6.1715505870070700e-02, 3.2796112186209181e-01,
       -1.5449839956632794e+00, -3.3982870036332251e+00,
       6.2826411897283496e-01, 1.6977707505835522e+01,
       -1.8796983445060547e-01, 1.0122816532990220e+00,
       -2.7892236630400666e+00, 2.1744428669593336e+00,
       4.3388575354280858e+00, 1.3926036006007743e+01,
       -3.3897532139519071e-01, -9.3620302960415194e-02,
       -1.2052293700310370e+00, -3.7360395229083174e+00,
       5.1910736552599868e-01, 1.1622464546235905e+01,
       -2.6178221328672335e-01, 8.0363038903397091e-02,
       -1.5660099346554130e+00, -4.3216445319806533e+00,
       2.3095102699366783e+00, 1.2752593232257800e+01,
       -4.7903135233186667e-01, 6.3118700743194450e-02,
       -2.3233464265944537e-01, -2.8547001061267481e+00,
       -3.3855741279257225e+00, 1.2952478219755433e+01,
       5.6529518418213416e-02, 4.2375294136661756e-01,
       1.1220208365355387e-01, 1.7958449282010349e+00,
       -3.1938648604178246e+00, 1.5937443558768321e+01,
       -1.0498171714887580e-01, 3.0523383250826253e-01,
       3.1342184957839664e-01, -4.1820099864812992e+00,
       -4.2643815691892089e+00, 1.7400373765210730e+01,
       -3.6366038344688056e-01, 2.1645500340956833e-01,
       2.0444285863571629e-01, -1.9561645072877234e+00,
       -4.2729869116673003e+00, 1.4166678183974209e+01,
       4.9752232009757252e-01, -1.8959852924282464e-01,
       -1.4019021447592130e+00, -3.8234357168891897e+00,
       1.6453036788453088e+00, 1.2086722467768345e+01,
       5.1829380865015623e-02, -6.2440966073294324e-01,
       -1.8345449134036032e-01, -2.4606870568033505e+00,
       -3.4745666376839419e+00, 1.0893873605757761e+01,
       -3.8236914146868373e-01, 4.6603916135144328e-02,
       -2.4624978293171507e-02, -3.3066380267714850e+00,
       -3.9002293571456144e+00, 1.3333807837300263e+01,
       5.0066661078646502e-01, 9.6159608451276427e-02,
       -2.9017794642976386e-01, -3.7365619746463503e+00,
       -2.3760655221976639e+00, 1.2681877749155365e+01,
       1.9844222093675234e-01, -4.4054687100575668e-01,
       -1.9215750790343067e-01, -2.9662860738898704e+00,
       -3.1634881137105979e+00, 1.0724634548673302e+01 ]
