%YAML:1.0
---
E: !!opencv-matrix
   rows: 3
   cols: 3
   dt: d
   data: [ -2.7119928238676975e-04, -2.7474901956647639e-03,
       4.6678128721479188e-02, -1.7956790145943365e-02,
       -3.8261440277811115e-02, 3.3422966810563843e+00,
       -3.0633243491937016e-02, -3.3425278800607656e+00,
       -3.8459590795227282e-02 ]
F: !!opencv-matrix
   rows: 3
   cols: 3
   dt: d
   data: [ 1.0316191764014213e-08, 1.0556965918861534e-07,
       -9.7647232148694290e-04, 6.8997233140992473e-07,
       1.4850339422280419e-06, -6.9148190976551574e-02,
       4.5179354435907195e-04, 6.8180873005764309e-02, 1. ]
