%YAML:1.0
---
R: !!opencv-matrix
   rows: 3
   cols: 3
   dt: d
   data: [ 9.9997023317263045e-01, 4.7391709243928938e-03,
       6.0887624049957862e-03, -4.8084895393377481e-03,
       9.9992321737362244e-01, 1.1420936280945555e-02,
       -6.0341691246749551e-03, -1.1449874066238808e-02,
       9.9991624108564325e-01 ]
T: !!opencv-matrix
   rows: 3
   cols: 1
   dt: d
   data: [ -3.3425631768963711e+00, 4.6707313891168264e-02,
       2.2128672433973737e-03 ]
R1: !!opencv-matrix
   rows: 3
   cols: 3
   dt: d
   data: [ 9.9994358118017101e-01, -9.2247756361006732e-03,
       5.2666850141470517e-03, 9.1944028229881663e-03,
       9.9994112742653019e-01, 5.7623465435913020e-03,
       -5.3195313048487224e-03, -5.7135974152379950e-03,
       9.9996952823137231e-01 ]
R2: !!opencv-matrix
   rows: 3
   cols: 3
   dt: d
   data: [ 9.9990216583744529e-01, -1.3972135109673354e-02,
       -6.6196228232282732e-04, 1.3968106610989564e-02,
       9.9988594952345189e-01, -5.7428166686187216e-03,
       7.4212619561307832e-04, 5.7330084652273110e-03,
       9.9998329079172488e-01 ]
P1: !!opencv-matrix
   rows: 3
   cols: 4
   dt: d
   data: [ 4.3976968350573486e+02, 0., 3.1922491073608398e+02, 0., 0.,
       4.3976968350573486e+02, 2.3981462478637695e+02, 0., 0., 0., 1.,
       0. ]
P2: !!opencv-matrix
   rows: 3
   cols: 4
   dt: d
   data: [ 4.3976968350573486e+02, 0., 3.1922491073608398e+02,
       -1.4701017765778226e+03, 0., 4.3976968350573486e+02,
       2.3981462478637695e+02, 0., 0., 0., 1., 0. ]
Q: !!opencv-matrix
   rows: 4
   cols: 4
   dt: d
   data: [ 1., 0., 0., -3.1922491073608398e+02, 0., 1., 0.,
       -2.3981462478637695e+02, 0., 0., 0., 4.3976968350573486e+02, 0.,
       0., 2.9914233865457468e-01, 0. ]
