%YAML:1.0
---
M1: !!opencv-matrix
   rows: 3
   cols: 3
   dt: d
   data: [ 5.3392448824133078e+02, 0., 3.2882415474287274e+02, 0.,
       5.2857636785751788e+02, 2.3724236749050232e+02, 0., 0., 1. ]
D1: !!opencv-matrix
   rows: 1
   cols: 14
   dt: d
   data: [ -2.5847772007954223e-01, -1.2969221690241267e-01, 0., 0., 0.,
       0., 0., -4.0469016418997528e-01, 0., 0., 0., 0., 0., 0. ]
M2: !!opencv-matrix
   rows: 3
   cols: 3
   dt: d
   data: [ 5.3392448824133078e+02, 0., 3.1406466879074162e+02, 0.,
       5.2857636785751788e+02, 2.4222537574776953e+02, 0., 0., 1. ]
D2: !!opencv-matrix
   rows: 1
   cols: 14
   dt: d
   data: [ -2.6275800471561028e-01, -1.3243222501880430e-02, 0., 0., 0.,
       0., 0., -1.9692458429798676e-01, 0., 0., 0., 0., 0., 0. ]
